2 4 7 9 21 22 23 25 30 31 36 38 41 42 44 45 46 48 49 52 53 56 57 58 62 63 65 68 69 72 75 76 78 81 85 86
2 3 4 5 7 8 9 11 16 17 18 19 20 21 27 29 32 34 36 37 39 40 41 43 47 48 50 52 57 59 60 62 64 65 68 71 75 76 78 79 82
0 1 5 6 7 10 19 21 23 26 28 33 35 42 44 45 48 51 57 58 64 71 75 81 82 84 87 90
0 1 2 7 9 15 18 20 23 25 27 28 32 37 39 40 42 51 58 62 63 67 72 78
0 1 2 3 12 15 19 23 25 32 35 43 45 46 51 52 54 55 62 67 79 84 85 86 89
0 1 2 3 7 11 14 22 23 28 29 30 37 56 59 60 61 66 70 74 76 87
0 1 2 3 4 5 7 14 16 22 26 28 29 33 34 35 36 41 47 58 59 66 69 73 78 80 82 85
1 2 3 4 5 6 9 12 13 14 22 23 32 36 37 38 40 44 46 48 53 55 56 67 78 82 86 87
0 1 2 3 4 5 7 12 32 33 36 44 48 51 52 53 58 76 77 80 84 86
1 2 3 4 5 6 7 8 15 16 24 34 37 39 41 49 54 56 64 65 68 75 81 84 86 88
0 1 3 4 5 6 7 9 11 17 21 22 24 27 30 41 43 45 55 62 67 68 69 71 72 74 77 80 82 85 86 89
0 2 3 4 5 6 7 8 9 12 17 29 35 39 40 42 44 45 52 53 58 64 66 72 76 78 82 83 84 85
0 1 2 3 4 6 7 8 9 10 11 14 18 20 25 26 32 37 49 51 52 54 74 75 77 84 87 89
0 3 4 5 6 7 8 9 10 11 12 15 17 21 30 37 39 53 54 66 70 71 77 90
0 1 2 3 4 6 7 9 10 11 12 17 18 24 25 31 34 37 40 43 44 57 59 61 63 66 67 79 81 83 90
0 1 3 4 5 6 7 9 10 12 13 17 18 19 20 25 30 32 40 44 51 58 62 67 69 70 71 73 75 90
0 2 3 7 8 9 10 11 14 15 25 32 35 42 45 46 49 50 51 57 64 67 69 72 73 74 81 87 89
0 1 4 5 6 8 9 10 11 14 15 16 19 20 23 25 26 27 28 29 30 33 34 36 40 46 51 55 56 57 61 62 64 65 68 75 80 82 86
0 1 3 4 6 7 8 10 12 13 14 15 16 17 19 25 30 33 42 44 47 48 51 53 58 68 71 82 83 85 89 90
0 1 3 5 6 7 8 9 10 13 15 16 17 18 26 31 33 37 39 40 41 56 57 58 59 63 66 68 69 70 71 76 85 88 89 90
0 3 7 11 12 13 14 16 17 18 19 21 25 33 37 38 44 45 46 50 51 54 55 58 64 71 73 74 76 78 79 80 81 85 86
0 4 5 7 8 10 11 15 17 19 20 23 30 33 36 37 39 43 44 47 54 62 69 70 74 76 78 88 90
0 1 2 4 5 6 7 8 9 10 11 12 13 15 18 19 21 27 40 41 43 53 54 57 63 65 68 69 71 72 74 78 80 82 83 86 89
4 6 8 9 10 12 13 16 17 18 19 20 24 31 34 35 38 41 43 44 55 58 59 60 64 68 69 70 72 77 78 80 83 85 88
0 1 2 4 5 6 8 10 11 12 13 15 17 19 20 23 30 31 32 36 40 42 44 48 51 58 60 63 65 66 70 73 82 86 87 88 89
0 1 6 7 8 9 10 11 13 16 17 19 20 21 22 33 36 44 45 52 53 55 61 62 64 66 70 74 75 76 82 83 85
0 1 2 3 4 5 6 7 8 11 12 13 14 15 18 19 20 21 22 23 24 25 27 33 34 35 41 49 50 51 54 57 65 69 71 72 76 78 80 82 86 90
0 2 4 5 7 9 11 14 15 20 21 23 25 26 29 31 35 37 39 46 48 49 51 57 62 66 74 79 80 81 82 85 89
5 6 7 8 10 11 14 16 17 18 20 22 23 25 27 30 31 32 38 41 42 48 50 51 58 59 60 69 74 76 78 80 86 87
1 2 4 5 7 9 11 14 16 17 18 19 21 24 25 27 31 36 37 40 47 50 51 54 55 57 59 61 62 64 65 76 78 80 82 83 84 85 89
1 3 5 10 13 14 17 19 20 21 26 27 28 29 32 38 46 47 48 49 51 55 57 70 74 77 82 84 87
2 5 7 10 11 12 15 17 19 22 23 25 26 27 28 29 41 42 43 44 51 55 56 59 61 70 71 79 80 83 84 86 87
0 2 3 5 9 13 17 19 20 21 23 25 27 28 29 38 40 41 44 46 47 51 56 60 61 72 76 82 86 87 90
0 3 4 5 6 9 11 12 16 18 20 24 26 28 29 30 32 35 36 41 43 44 46 48 49 59 60 61 63 68 73 78 79 82 88
0 1 6 7 10 11 13 14 15 17 19 21 25 27 29 30 32 33 43 45 51 56 61 62 64 65 69 70 74 75 80 82 86
0 1 5 6 7 9 13 15 18 20 21 23 24 25 26 31 32 33 34 38 39 43 44 45 47 53 64 65 67 70 75 78 79 83 86 89
1 2 7 10 11 12 13 16 17 19 20 22 24 25 27 28 29 32 35 39 40 44 45 46 47 50 52 54 59 61 63 71 74 80 86 88
1 3 4 5 6 7 9 13 17 21 23 27 31 34 36 40 41 43 44 50 51 52 58 60 62 67 68 75 76 77 79 80 82 84 89 90
0 2 4 11 18 21 22 24 25 26 30 33 34 35 36 37 39 42 46 47 53 54 56 61 63 66 68 72 73 74 76 79 80 81 83 87
2 5 6 7 11 12 13 15 16 20 23 30 36 38 44 47 58 62 69 72 75 82 83 85 86 89
0 1 3 4 11 14 19 20 22 23 25 26 27 31 33 34 35 39 41 47 49 51 59 61 62 64 67 69 70 71 73 74 75 86
1 2 9 11 16 17 19 21 22 23 24 25 26 28 29 31 34 36 37 38 39 40 42 48 52 53 55 59 66 75 79 80 85 88 89
2 7 8 10 11 13 16 17 18 20 25 26 28 30 31 39 40 44 46 47 48 49 50 54 56 57 61 63 66 67 73 74 75 77 85 88 89 90
1 10 19 20 25 26 28 30 39 41 44 45 48 49 50 54 57 58 60 65 66 68 69 70 71 72 73 74 75 80 81 82 83 85
1 2 4 7 9 11 12 17 19 20 21 23 25 26 30 32 33 38 43 46 47 49 52 55 58 59 63 64 65 68 70 72 73 75 78 80 82 85 90
1 4 7 11 12 17 18 21 23 25 26 27 30 32 33 36 37 39 49 51 52 53 58 62 64 65 71 76 77 82 83 86 90
4 5 6 10 11 12 14 17 19 25 28 30 31 32 33 35 38 41 47 48 50 56 58 59 60 68 69 70 71 73 74 86 87 88 90
1 5 6 7 8 9 11 13 17 20 24 26 27 35 41 42 44 46 52 53 61 65 66 68 69 71 72 73 74 76 80 82 86 87
1 3 8 17 18 19 23 25 28 29 31 33 34 39 42 43 46 49 57 59 61 62 63 67 69 70 72 73 75 76 78 80 81 83
2 4 7 13 16 22 28 32 33 37 40 50 51 52 55 60 62 64 65 66 68 69 72 74 79 80 84 87 88
1 3 6 7 10 11 14 17 24 28 30 31 32 33 38 42 43 44 45 47 49 51 52 55 56 57 59 60 61 64 65 67 70 71 73 74 78 79 81 88 89 90
0 1 7 14 16 17 19 20 21 27 28 29 31 32 33 37 40 49 50 52 53 55 57 62 63 65 66 70 71 72 73 78 84 87 90
0 2 6 10 12 14 17 21 23 25 26 30 36 47 50 53 56 58 59 63 64 70 74 75 76 77 82 83 86 87 90
1 5 6 8 9 12 21 22 24 27 30 32 35 36 42 45 48 50 52 54 55 57 59 63 64 65 66 69 71 73 75 77 80 81 83 84 88 90
15 19 20 21 23 25 26 30 33 35 36 38 40 48 49 51 56 57 58 64 65 66 67 69 70 71 72 74 75 76 78 88 89
0 11 12 17 18 19 20 25 26 35 39 43 46 49 50 51 56 64 67 68 75 76 78 81 82 83 86 88
1 3 4 8 10 13 14 17 24 26 28 32 38 41 42 45 53 59 60 62 63 70 72 74 75 77 78 79 83 86 87
1 3 4 6 10 12 18 19 20 21 22 23 28 29 32 36 39 40 41 42 43 45 47 49 50 51 54 58 62 63 65 67 69 70 71 74 78 80 83
0 1 4 6 7 8 9 14 15 16 24 32 34 35 36 38 43 48 49 53 54 59 60 62 69 71 75 76 77 79 83 84 89
1 3 4 9 12 13 14 17 21 22 24 27 32 40 41 45 47 48 50 51 52 54 56 57 58 68 69 70 71 72 75 77 78 79 80 82 83 84 86 87
6 7 10 13 14 16 17 19 20 21 27 28 32 36 43 51 56 61 62 63 66 68 69 71 73 77 80 82 83 85 87 90
1 4 5 8 12 13 14 18 22 23 24 26 28 30 33 34 36 41 45 52 59 62 63 68 69 71 72 73 74 75 76 77 78 81 82 88
0 3 6 9 14 15 16 17 22 23 24 29 32 33 46 49 52 53 54 59 60 63 65 67 68 69 70 73 74 75 78 79 80 81 83 84 85 86 88 90
6 7 8 10 12 13 25 37 40 42 51 54 55 57 58 62 64 65 67 69 71 72 73 74 75 79 80 83 88 89 90
4 8 10 12 14 19 21 24 28 33 36 37 39 42 43 44 49 51 54 55 57 63 65 66 70 73 77 78 79 80 85 90
4 6 8 10 14 15 17 18 27 30 31 34 35 36 38 40 42 46 48 50 52 54 56 57 58 61 66 67 70 71 74 77 79 84 87 89 90
2 3 5 7 16 19 24 26 29 30 31 33 35 37 42 46 51 52 53 57 58 67 69 74 76 77 79 82 83 84 85 86 87 90
0 8 9 10 11 12 13 21 22 23 25 26 27 32 43 44 49 52 57 65 69 71 72 73 79 80 81 82 83 84 86 87 88 89 90
5 7 13 14 17 18 20 21 23 25 29 33 34 38 42 45 54 56 58 61 63 65 66 69 70 71 72 73 76 77 78 79 80 84 85 86 87 88 89 90
10 17 27 45 46 52 54 56 57 58 59 61 65 67 70 71 73 74 75 78 79 82 83 84 85 87 90
4 11 16 17 18 21 22 23 25 28 31 32 33 38 46 48 49 51 58 59 60 62 63 71 74 77 78 79 80 82 83 84 85 86 87 89 90
4 6 10 15 17 26 27 39 41 44 47 49 52 54 55 57 59 62 63 70 72 74 75 76 78 79 83 84 85 86 87 90
7 11 12 21 23 25 26 30 35 36 42 46 48 49 50 51 64 73 74 75 76 77 78 79 80 81 82 84 86 87 88 90
2 7 13 14 32 33 35 36 39 40 43 44 48 51 55 59 64 65 66 75 76 78 79 81 82 83 84 85 87 88 89 90
6 12 13 17 18 20 22 24 25 26 34 38 41 45 55 65 73 75 77 78 79 81 83 84 85 86 87 88 89 90
0 1 2 3 4 11 14 22 24 30 32 39 42 43 51 52 55 59 70 76 78 79 81 83 84 85 86 89
0 1 4 6 7 11 14 21 29 34 46 47 48 50 51 53 58 60 62 66 69 74 77 79 80 81 82 84 85 86 87 88
3 5 7 8 11 17 21 22 23 24 31 37 43 47 49 50 53 60 63 66 67 68 78 79 80 81 82 83 84 85 86 87 88 89 90
5 11 21 23 27 38 39 41 44 47 59 60 76 77 79 80 81 82 83 84 85 86 87 88 89 90
6 10 22 24 30 33 37 38 41 42 59 63 65 66 70 80 81 82 83 84 85 86 87 88 89 90
1 10 15 24 25 27 30 31 33 44 53 55 65 79 81 82 84 85 86 87 88 89
1 2 4 5 6 10 19 21 22 23 27 34 38 47 57 70 82 83 84 85 87 88 89 90
2 4 10 16 20 22 27 35 40 44 47 48 49 56 57 71 74 78 80 81 83 84 85 86 87 88 89 90
0 7 8 19 27 28 34 37 41 50 51 60 62 72 74 76 80 84 85 87 88 89 90
0 1 5 7 9 11 12 17 18 19 27 29 30 39 40 41 53 54 56 65 72 73 86 87 88 89 90
6 8 10 15 17 20 27 31 34 47 50 51 58 60 62 78 86 87 88 89 90
2 6 7 8 22 28 33 36 39 41 53 59 61 68 71 72 78 85 87 88 89 90
2 7 18 24 25 29 40 42 48 53 56 68 74 76 79 81 82 85 86 88 89 90
3 6 8 10 11 17 18 20 22 28 29 33 35 37 41 42 46 49 51 53 59 61 62 64 66 68 73 77 78 79 82
3 5 6 8 9 10 11 14 15 16 18 19 21 22 26 29 30 32 33 34 35 36 46 49 52 54 56 57 64 65 66 71 73 75 78 79 81 83
